7f45 4c46 0201 0100 0000 0000 0000 0000
0100 3e00 0100 0000 0000 0000 0000 0000
0000 0000 0000 0000 580c 0000 0000 0000
0000 0000 4000 0000 0000 4000 1900 1800
0400 0000 1400 0000 0300 0000 474e 5500
90d0 f2c6 68e7 a229 a222 6932 826e 3f3e
e801 96c6 0600 0000 0400 0000 0101 0000
4c69 6e75 7800 0000 0000 0000 0600 0000
0100 0000 0001 0000 4c69 6e75 7800 0000
0000 0000 e800 0000 0055 488b 3d00 0000
0048 89e5 e800 0000 0031 c05d e900 0000
0055 488b 3d00 0000 0048 89e5 e800 0000
005d e900 0000 0000 0000 0000 0000 006c
6963 656e 7365 3d47 504c 0064 6573 6372
6970 7469 6f6e 3d73 6563 7572 6974 7900
7372 6376 6572 7369 6f6e 3d36 4442 3841
3633 4246 4341 3745 3831 3637 3833 3244
3030 0064 6570 656e 6473 3d00 7265 7470
6f6c 696e 653d 5900 6e61 6d65 3d48 454c
4c4f 0076 6572 6d61 6769 633d 352e 3135
2e30 2d31 3237 2d67 656e 6572 6963 2053
4d50 206d 6f64 5f75 6e6c 6f61 6420 6d6f
6476 6572 7369 6f6e 7320 0000 0000 0000
7437 7169 3375 7538 776b 7378 7a68 7863
6d78 6f6a 6962 756c 6974 6568 7573 7573
6568 7573 756b 3233 6c78 6733 6e65 7236
6232 7a34 3838 6266 3433 6673 6b64 6e67
0000 0000 0000 0000 0000 0000 0000 0000
531d d0c8 0000 0000 6d6f 6475 6c65 5f6c
6179 6f75 7400 0000 0000 0000 0000 0000
0000 0000 0000 0000 0000 0000 0000 0000
0000 0000 0000 0000 0000 0000 0000 0000
ca39 825b 0000 0000 5f5f 7838 365f 7265
7475 726e 5f74 6875 6e6b 0000 0000 0000
0000 0000 0000 0000 0000 0000 0000 0000
0000 0000 0000 0000 0000 0000 0000 0000
d87e 9992 0000 0000 5f70 7269 6e74 6b00
0000 0000 0000 0000 0000 0000 0000 0000
0000 0000 0000 0000 0000 0000 0000 0000
0000 0000 0000 0000 0000 0000 0000 0000
bb6d fbbd 0000 0000 5f5f 6665 6e74 7279
5f5f 0000 0000 0000 0000 0000 0000 0000
0000 0000 0000 0000 0000 0000 0000 0000
0000 0000 0000 0000 0000 0000 0000 0000
0000 0000 0000 0000 0000 0000 0000 0000
0000 0000 0000 0000 0000 0000 0000 0000
0000 0000 0000 0000 0000 0000 0000 0000
0000 0000 0000 0000 0000 0000 0000 0000
0000 0000 0000 0000 0000 0000 0000 0000
0000 0000 0000 0000 4845 4c4c 4f00 0000
0000 0000 0000 0000 0000 0000 0000 0000
0000 0000 0000 0000 0000 0000 0000 0000
0000 0000 0000 0000 0000 0000 0000 0000
0000 0000 0000 0000 0000 0000 0000 0000
0000 0000 0000 0000 0000 0000 0000 0000
0000 0000 0000 0000 0000 0000 0000 0000
0000 0000 0000 0000 0000 0000 0000 0000
0000 0000 0000 0000 0000 0000 0000 0000
0000 0000 0000 0000 0000 0000 0000 0000
0000 0000 0000 0000 0000 0000 0000 0000
0000 0000 0000 0000 0000 0000 0000 0000
0000 0000 0000 0000 0000 0000 0000 0000
0000 0000 0000 0000 0000 0000 0000 0000
0000 0000 0000 0000 0000 0000 0000 0000
0000 0000 0000 0000 0000 0000 0000 0000
0000 0000 0000 0000 0000 0000 0000 0000
0000 0000 0000 0000 0000 0000 0000 0000
0000 0000 0000 0000 0000 0000 0000 0000
0000 0000 0000 0000 0000 0000 0000 0000
0000 0000 0000 0000 0000 0000 0000 0000
0000 0000 0000 0000 0000 0000 0000 0000
0000 0000 0000 0000 0000 0000 0000 0000
0000 0000 0000 0000 0000 0000 0000 0000
0000 0000 0000 0000 0000 0000 0000 0000
0000 0000 0000 0000 0000 0000 0000 0000
0000 0000 0000 0000 0000 0000 0000 0000
0000 0000 0000 0000 0000 0000 0000 0000
0000 0000 0000 0000 0000 0000 0000 0000
0000 0000 0000 0000 0000 0000 0000 0000
0000 0000 0000 0000 0000 0000 0000 0000
0000 0000 0000 0000 0000 0000 0000 0000
0000 0000 0000 0000 0000 0000 0000 0000
0000 0000 0000 0000 0000 0000 0000 0000
0000 0000 0000 0000 0000 0000 0000 0000
0000 0000 0000 0000 0000 0000 0000 0000
0000 0000 0000 0000 0000 0000 0000 0000
0000 0000 0000 0000 0000 0000 0000 0000
0000 0000 0000 0000 0000 0000 0000 0000
0000 0000 0000 0000 0000 0000 0000 0000
0000 0000 0000 0000 0000 0000 0000 0000
0000 0000 0000 0000 0000 0000 0000 0000
0000 0000 0000 0000 0000 0000 0000 0000
0000 0000 0000 0000 0000 0000 0000 0000
0000 0000 0000 0000 0000 0000 0000 0000
0000 0000 0000 0000 0000 0000 0000 0000
0000 0000 0000 0000 0000 0000 0000 0000
0000 0000 0000 0000 0000 0000 0000 0000
0000 0000 0000 0000 0000 0000 0000 0000
0000 0000 0000 0000 0000 0000 0000 0000
0000 0000 0000 0000 0000 0000 0000 0000
0000 0000 0000 0000 0000 0000 0000 0000
0000 0000 0000 0000 0000 0000 0000 0000
0000 0000 0000 0000 0000 0000 0000 0000
0000 0000 0000 0000 0000 0000 0000 0000
0047 4343 3a20 2855 6275 6e74 7520 392e
342e 302d 3175 6275 6e74 7531 7e32 302e
3034 2e32 2920 392e 342e 3000 0047 4343
3a20 2855 6275 6e74 7520 392e 342e 302d
3175 6275 6e74 7531 7e32 302e 3034 2e32
2920 392e 342e 3000 0000 0000 0000 0000
0000 0000 0000 0000 0000 0000 0000 0000
0000 0000 0300 0400 0000 0000 0000 0000
0000 0000 0000 0000 0000 0000 0300 0600
0000 0000 0000 0000 0000 0000 0000 0000
0000 0000 0300 0b00 0000 0000 0000 0000
0000 0000 0000 0000 0100 0000 0100 0a00
2100 0000 0000 0000 2300 0000 0000 0000
1b00 0000 0100 0a00 4400 0000 0000 0000
0900 0000 0000 0000 3200 0000 0100 0e00
0000 0000 0000 0000 0001 0000 0000 0000
3f00 0000 0100 0a00 4d00 0000 0000 0000
0c00 0000 0000 0000 5800 0000 0100 0a00
5900 0000 0000 0000 0b00 0000 0000 0000
6c00 0000 0100 0a00 6400 0000 0000 0000
3800 0000 0000 0000 8400 0000 0100 0200
0000 0000 0000 0000 1800 0000 0000 0000
8c00 0000 0100 0200 1800 0000 0000 0000
1800 0000 0000 0000 9400 0000 0200 0400
0000 0000 0000 0000 1d00 0000 0000 0000
9c00 0000 0200 0600 0000 0000 0000 0000
1600 0000 0000 0000 a400 0000 0100 0a00
0000 0000 0000 0000 0c00 0000 0000 0000
bb00 0000 0100 0a00 0c00 0000 0000 0000
1500 0000 0000 0000 d600 0000 1100 1100
0000 0000 0000 0000 8003 0000 0000 0000
e400 0000 1200 0600 0000 0000 0000 0000
1600 0000 0000 0000 f300 0000 1000 0000
0000 0000 0000 0000 0000 0000 0000 0000
fe00 0000 1200 0400 0000 0000 0000 0000
1d00 0000 0000 0000 0a01 0000 1000 0000
0000 0000 0000 0000 0000 0000 0000 0000
1201 0000 1000 0000 0000 0000 0000 0000
0000 0000 0000 0000 2501 0000 1100 0f00
0000 0000 0000 0000 0800 0000 0000 0000
005f 5f55 4e49 5155 455f 4944 5f73 7263
7665 7273 696f 6e31 3233 005f 5f55 4e49
5155 455f 4944 5f64 6570 656e 6473 3132
3200 5f5f 5f5f 7665 7273 696f 6e73 005f
5f55 4e49 5155 455f 4944 5f72 6574 706f
6c69 6e65 3132 3100 5f5f 554e 4951 5545
5f49 445f 6e61 6d65 3132 3000 5f5f 554e
4951 5545 5f49 445f 7665 726d 6167 6963
3131 3900 5f6e 6f74 655f 3900 5f6e 6f74
655f 3800 6d6f 6469 6e69 7400 6d6f 6465
7869 7400 5f5f 554e 4951 5545 5f49 445f
6c69 6365 6e73 6531 3230 005f 5f55 4e49
5155 455f 4944 5f64 6573 6372 6970 7469
6f6e 3131 3900 5f5f 7468 6973 5f6d 6f64
756c 6500 636c 6561 6e75 705f 6d6f 6475
6c65 005f 5f66 656e 7472 795f 5f00 696e
6974 5f6d 6f64 756c 6500 5f70 7269 6e74
6b00 5f5f 7838 365f 7265 7475 726e 5f74
6875 6e6b 0076 6669 6c65 0000 0000 0000
0100 0000 0000 0000 0400 0000 1200 0000
fcff ffff ffff ffff 0900 0000 0000 0000
0200 0000 1600 0000 fcff ffff ffff ffff
1100 0000 0000 0000 0400 0000 1400 0000
fcff ffff ffff ffff 1900 0000 0000 0000
0400 0000 1500 0000 fcff ffff ffff ffff
0400 0000 0000 0000 0200 0000 1600 0000
fcff ffff ffff ffff 0c00 0000 0000 0000
0400 0000 1400 0000 fcff ffff ffff ffff
1200 0000 0000 0000 0400 0000 1500 0000
fcff ffff ffff ffff 0000 0000 0000 0000
0100 0000 0100 0000 0000 0000 0000 0000
0000 0000 0000 0000 0200 0000 0100 0000
1800 0000 0000 0000 0400 0000 0000 0000
0200 0000 0200 0000 1100 0000 0000 0000
0000 0000 0000 0000 0100 0000 0300 0000
0000 0000 0000 0000 3801 0000 0000 0000
0100 0000 1300 0000 0000 0000 0000 0000
3803 0000 0000 0000 0100 0000 1100 0000
0000 0000 0000 0000 002e 7379 6d74 6162
002e 7374 7274 6162 002e 7368 7374 7274
6162 002e 6e6f 7465 2e67 6e75 2e62 7569
6c64 2d69 6400 2e6e 6f74 652e 4c69 6e75
7800 2e72 656c 612e 696e 6974 2e74 6578
7400 2e72 656c 612e 6578 6974 2e74 6578
7400 2e72 656c 615f 5f6d 636f 756e 745f
6c6f 6300 2e6d 6f64 696e 666f 002e 726f
6461 7461 2e73 7472 312e 3800 2e72 656c
612e 7265 7475 726e 5f73 6974 6573 005f
5f76 6572 7369 6f6e 7300 2e72 656c 612e
6461 7461 002e 7265 6c61 2e67 6e75 2e6c
696e 6b6f 6e63 652e 7468 6973 5f6d 6f64
756c 6500 2e62 7373 002e 636f 6d6d 656e
7400 2e6e 6f74 652e 474e 552d 7374 6163
6b00 0000 0000 0000 0000 0000 0000 0000
0000 0000 0000 0000 0000 0000 0000 0000
0000 0000 0000 0000 0000 0000 0000 0000
0000 0000 0000 0000 0000 0000 0000 0000
0000 0000 0000 0000 1b00 0000 0700 0000
0200 0000 0000 0000 0000 0000 0000 0000
4000 0000 0000 0000 2400 0000 0000 0000
0000 0000 0000 0000 0400 0000 0000 0000
0000 0000 0000 0000 2e00 0000 0700 0000
0200 0000 0000 0000 0000 0000 0000 0000
6400 0000 0000 0000 3000 0000 0000 0000
0000 0000 0000 0000 0400 0000 0000 0000
0000 0000 0000 0000 4400 0000 0100 0000
0600 0000 0000 0000 0000 0000 0000 0000
9400 0000 0000 0000 0000 0000 0000 0000
0000 0000 0000 0000 0100 0000 0000 0000
0000 0000 0000 0000 3f00 0000 0100 0000
0600 0000 0000 0000 0000 0000 0000 0000
9400 0000 0000 0000 1d00 0000 0000 0000
0000 0000 0000 0000 0100 0000 0000 0000
0000 0000 0000 0000 3a00 0000 0400 0000
4000 0000 0000 0000 0000 0000 0000 0000
300a 0000 0000 0000 6000 0000 0000 0000
1600 0000 0400 0000 0800 0000 0000 0000
1800 0000 0000 0000 4f00 0000 0100 0000
0600 0000 0000 0000 0000 0000 0000 0000
b100 0000 0000 0000 1600 0000 0000 0000
0000 0000 0000 0000 0100 0000 0000 0000
0000 0000 0000 0000 4a00 0000 0400 0000
4000 0000 0000 0000 0000 0000 0000 0000
900a 0000 0000 0000 4800 0000 0000 0000
1600 0000 0600 0000 0800 0000 0000 0000
1800 0000 0000 0000 5f00 0000 0100 0000
0200 0000 0000 0000 0000 0000 0000 0000
c700 0000 0000 0000 0800 0000 0000 0000
0000 0000 0000 0000 0100 0000 0000 0000
0000 0000 0000 0000 5a00 0000 0400 0000
4000 0000 0000 0000 0000 0000 0000 0000
d80a 0000 0000 0000 1800 0000 0000 0000
1600 0000 0800 0000 0800 0000 0000 0000
1800 0000 0000 0000 6c00 0000 0100 0000
0200 0000 0000 0000 0000 0000 0000 0000
cf00 0000 0000 0000 9c00 0000 0000 0000
0000 0000 0000 0000 0100 0000 0000 0000
0000 0000 0000 0000 7500 0000 0100 0000
3200 0000 0000 0000 0000 0000 0000 0000
7001 0000 0000 0000 4100 0000 0000 0000
0000 0000 0000 0000 0800 0000 0000 0000
0100 0000 0000 0000 8900 0000 0100 0000
0200 0000 0000 0000 0000 0000 0000 0000
b101 0000 0000 0000 0800 0000 0000 0000
0000 0000 0000 0000 0100 0000 0000 0000
0000 0000 0000 0000 8400 0000 0400 0000
4000 0000 0000 0000 0000 0000 0000 0000
f00a 0000 0000 0000 3000 0000 0000 0000
1600 0000 0c00 0000 0800 0000 0000 0000
1800 0000 0000 0000 9700 0000 0100 0000
0200 0000 0000 0000 0000 0000 0000 0000
c001 0000 0000 0000 0001 0000 0000 0000
0000 0000 0000 0000 2000 0000 0000 0000
0000 0000 0000 0000 a700 0000 0100 0000
0300 0000 0000 0000 0000 0000 0000 0000
c002 0000 0000 0000 0800 0000 0000 0000
0000 0000 0000 0000 0800 0000 0000 0000
0000 0000 0000 0000 a200 0000 0400 0000
4000 0000 0000 0000 0000 0000 0000 0000
200b 0000 0000 0000 1800 0000 0000 0000
1600 0000 0f00 0000 0800 0000 0000 0000
1800 0000 0000 0000 b200 0000 0100 0000
0300 0000 0000 0000 0000 0000 0000 0000
0003 0000 0000 0000 8003 0000 0000 0000
0000 0000 0000 0000 4000 0000 0000 0000
0000 0000 0000 0000 ad00 0000 0400 0000
4000 0000 0000 0000 0000 0000 0000 0000
380b 0000 0000 0000 3000 0000 0000 0000
1600 0000 1100 0000 0800 0000 0000 0000
1800 0000 0000 0000 cc00 0000 0800 0000
0300 0000 0000 0000 0000 0000 0000 0000
8006 0000 0000 0000 0000 0000 0000 0000
0000 0000 0000 0000 0100 0000 0000 0000
0000 0000 0000 0000 d100 0000 0100 0000
3000 0000 0000 0000 0000 0000 0000 0000
8006 0000 0000 0000 5800 0000 0000 0000
0000 0000 0000 0000 0100 0000 0000 0000
0100 0000 0000 0000 da00 0000 0100 0000
0000 0000 0000 0000 0000 0000 0000 0000
d806 0000 0000 0000 0000 0000 0000 0000
0000 0000 0000 0000 0100 0000 0000 0000
0000 0000 0000 0000 0100 0000 0200 0000
0000 0000 0000 0000 0000 0000 0000 0000
d806 0000 0000 0000 2802 0000 0000 0000
1700 0000 1000 0000 0800 0000 0000 0000
1800 0000 0000 0000 0900 0000 0300 0000
0000 0000 0000 0000 0000 0000 0000 0000
0009 0000 0000 0000 2b01 0000 0000 0000
0000 0000 0000 0000 0100 0000 0000 0000
0000 0000 0000 0000 1100 0000 0300 0000
0000 0000 0000 0000 0000 0000 0000 0000
680b 0000 0000 0000 ea00 0000 0000 0000
0000 0000 0000 0000 0100 0000 0000 0000
0000 0000 0000 0000                    
